PROPER INPUTS

4x4

./rush-01 "2 2 1 3 2 3 2 1 2 2 1 4 2 2 4 1"

./rush-01 "2 1 2 2 1 4 2 3 2 3 3 1 3 1 2 3"

./rush-01 "3 2 1 2 1 2 3 2 2 2 4 1 2 3 1 3"

./rush-01 "3 1 2 3 1 2 3 2 2 3 2 1 3 2 1 3"

5x5

./rush-01 "2 4 1 2 3 2 1 3 4 2 2 3 4 1 2 3 2 1 3 2"

./rush-01 "2 3 1 2 4 4 3 2 2 1 3 1 2 2 3 3 5 2 2 1"

./rush-01 "3 1 2 5 2 2 4 4 1 2 2 3 1 4 2 2 3 4 1 2"

./rush-01 "1 3 3 2 2 5 1 2 3 3 1 2 3 2 2 3 2 1 2 3"

6x6

./rush-01 "2 1 3 3 2 4 3 2 2 1 3 3 2 4 1 3 3 3 4 2 2 1 3 2"

7x7

./rush-01 "6 3 1 2 4 3 2 1 2 3 2 3 3 3 3 7 3 3 3 2 1 3 1 2 3 3 3 4"

8x8

./rush-01 "2 2 3 3 3 4 1 2 4 2 1 4 2 2 3 2 4 1 2 2 3 2 4 3 2 5 3 3 1 3 2 2"

9x9

./rush-01 "1 3 2 2 2 2 3 3 4 4 1 4 3 3 2 5 4 2 1 3 2 2 6 4 4 4 2 5 3 4 2 2 3 1 2 3"